# Camera list with one line of data per camera:
#   CAMERA_ID, MODEL, WIDTH, HEIGHT, PARAMS[]
# Number of cameras: 80
1 SIMPLE_PINHOLE 1080 1920 1889.8619251224218 540 960
2 SIMPLE_PINHOLE 1080 1920 1820.2353739631228 540 960
3 SIMPLE_PINHOLE 1080 1920 1725.7519199427379 540 960
4 SIMPLE_PINHOLE 1080 1920 1763.2448804348628 540 960
5 SIMPLE_PINHOLE 1080 1920 1830.5846181613604 540 960
6 SIMPLE_PINHOLE 1080 1920 1865.8427916512146 540 960
7 SIMPLE_PINHOLE 1080 1920 1932.1519120918203 540 960
8 SIMPLE_PINHOLE 1080 1920 1829.2773060503632 540 960
9 SIMPLE_PINHOLE 1080 1920 1811.3690181577881 540 960
10 SIMPLE_PINHOLE 1080 1920 1817.0645752744415 540 960
11 SIMPLE_PINHOLE 1080 1920 1834.7464228428005 540 960
12 SIMPLE_PINHOLE 1080 1920 1878.1987114140434 540 960
13 SIMPLE_PINHOLE 1080 1920 1844.7484638934095 540 960
14 SIMPLE_PINHOLE 1080 1920 1847.3612152863248 540 960
15 SIMPLE_PINHOLE 1080 1920 1851.2514802205758 540 960
16 SIMPLE_PINHOLE 1080 1920 1862.9477582527927 540 960
17 SIMPLE_PINHOLE 1080 1920 1869.2655671970729 540 960
18 SIMPLE_PINHOLE 1080 1920 1881.1963875665542 540 960
19 SIMPLE_PINHOLE 1080 1920 1852.6396234215536 540 960
20 SIMPLE_PINHOLE 1080 1920 1837.3877063595316 540 960
21 SIMPLE_PINHOLE 1080 1920 1840.2189572231102 540 960
22 SIMPLE_PINHOLE 1080 1920 1858.6437687084056 540 960
23 SIMPLE_PINHOLE 1080 1920 1889.8619251224218 540 960
24 SIMPLE_PINHOLE 1080 1920 1864.6041171547595 540 960
25 SIMPLE_PINHOLE 1080 1920 1851.7355791052119 540 960
26 SIMPLE_PINHOLE 1080 1920 1844.8391389554583 540 960
27 SIMPLE_PINHOLE 1080 1920 1877.7670154384211 540 960
28 SIMPLE_PINHOLE 1080 1920 1877.0961362358651 540 960
29 SIMPLE_PINHOLE 1080 1920 1888.1185476181888 540 960
30 SIMPLE_PINHOLE 1080 1920 1863.6841521525521 540 960
31 SIMPLE_PINHOLE 1080 1920 1855.7537275098716 540 960
32 SIMPLE_PINHOLE 1080 1920 1858.3846937066692 540 960
33 SIMPLE_PINHOLE 1080 1920 1858.0446907088478 540 960
34 SIMPLE_PINHOLE 1080 1920 1895.9340445409214 540 960
35 SIMPLE_PINHOLE 1080 1920 1854.6996921529847 540 960
36 SIMPLE_PINHOLE 1080 1920 1868.2087484728786 540 960
37 SIMPLE_PINHOLE 1080 1920 1826.4660362580764 540 960
38 SIMPLE_PINHOLE 1080 1920 1864.703845861294 540 960
39 SIMPLE_PINHOLE 1080 1920 1847.5801704173982 540 960
40 SIMPLE_PINHOLE 1080 1920 1844.280859710326 540 960
41 SIMPLE_PINHOLE 1080 1920 1850.2798404739644 540 960
42 SIMPLE_PINHOLE 1080 1920 1850.3318298192394 540 960
43 SIMPLE_PINHOLE 1080 1920 1892.9500297881798 540 960
44 SIMPLE_PINHOLE 1080 1920 1846.6520230719002 540 960
45 SIMPLE_PINHOLE 1080 1920 1886.4020587398463 540 960
46 SIMPLE_PINHOLE 1080 1920 1863.485900479644 540 960
47 SIMPLE_PINHOLE 1080 1920 1926.0562046259256 540 960
48 SIMPLE_PINHOLE 1080 1920 1975.8102948780793 540 960
49 SIMPLE_PINHOLE 1080 1920 1831.3642628561618 540 960
50 SIMPLE_PINHOLE 1080 1920 1876.2745714904368 540 960
51 SIMPLE_PINHOLE 1080 1920 1582.2385689212122 540 960
52 SIMPLE_PINHOLE 1080 1920 1821.5516578736811 540 960
53 SIMPLE_PINHOLE 1080 1920 1856.173378352461 540 960
54 SIMPLE_PINHOLE 1080 1920 1834.572544553658 540 960
55 SIMPLE_PINHOLE 1080 1920 1400.9606665768638 540 960
56 SIMPLE_PINHOLE 1080 1920 1870.0547630348683 540 960
57 SIMPLE_PINHOLE 1080 1920 1845.8513543769857 540 960
58 SIMPLE_PINHOLE 1080 1920 1848.3971592788794 540 960
59 SIMPLE_PINHOLE 1080 1920 1818.953335854681 540 960
60 SIMPLE_PINHOLE 1080 1920 1814.7081040859912 540 960
61 SIMPLE_PINHOLE 1080 1920 1818.7344657057215 540 960
62 SIMPLE_PINHOLE 1080 1920 1825.9489309929527 540 960
63 SIMPLE_PINHOLE 1080 1920 1842.0877665173537 540 960
64 SIMPLE_PINHOLE 1080 1920 1837.4817436879412 540 960
65 SIMPLE_PINHOLE 1080 1920 1820.2790295771049 540 960
66 SIMPLE_PINHOLE 1080 1920 1821.6331118313608 540 960
67 SIMPLE_PINHOLE 1080 1920 1905.8127846797518 540 960
68 SIMPLE_PINHOLE 1080 1920 1851.7736829841565 540 960
69 SIMPLE_PINHOLE 1080 1920 1854.1048295629882 540 960
70 SIMPLE_PINHOLE 1080 1920 1889.0448413509184 540 960
71 SIMPLE_PINHOLE 1080 1920 1881.5774136681232 540 960
72 SIMPLE_PINHOLE 1080 1920 1845.7359622927604 540 960
73 SIMPLE_PINHOLE 1080 1920 1807.3569106632112 540 960
74 SIMPLE_PINHOLE 1080 1920 1842.6651327690706 540 960
75 SIMPLE_PINHOLE 1080 1920 1822.8954543880964 540 960
76 SIMPLE_PINHOLE 1080 1920 1823.8411887900393 540 960
77 SIMPLE_PINHOLE 1080 1920 1810.5589996348881 540 960
78 SIMPLE_PINHOLE 1080 1920 1561.8807250274388 540 960
79 SIMPLE_PINHOLE 1080 1920 1808.4806730187356 540 960
80 SIMPLE_PINHOLE 1080 1920 1831.9143095815152 540 960
